x: 10.000000 y: 10.000000 sideLen: 2.000000
x: 20.000000 y: 20.000000 sideLen: 3.000000
x: 30.000000 y: 30.000000 sideA: 1 sideB: 2
x: 50.000000 y: 50.000000 sideA: 3 sideB: 4
